5.862641400000000000e+07,7.737727000000000000e+06,6.190380000000000000e+05,4.136900000000000000e+04,2.391010000000000000e+05,5.096070000000000000e+05,5.000000000000000000e+00,4.520400000000000000e+04,4.578670000000000000e+05,4.859830000000000000e+05,1.938048000000000000e+06,4.344490000000000000e+05,2.854000000000000000e+04,3.224298000000000000e+06,8.182500000000000000e+04,7.510100000000000000e+04,3.900000000000000000e+01,6.027200000000000000e+04,2.871310000000000000e+05,1.145623600000000000e+07
2.904781000000000000e+06,4.777464000000000000e+06,7.169920000000000000e+05,4.416400000000000000e+04,3.776760000000000000e+05,3.323960000000000000e+05,1.300000000000000000e+01,2.788400000000000000e+04,2.253730000000000000e+05,1.103040000000000000e+05,3.079340000000000000e+05,2.355790000000000000e+05,1.432700000000000000e+04,1.084631000000000000e+06,3.745000000000000000e+04,4.484500000000000000e+04,0.000000000000000000e+00,2.323500000000000000e+04,2.097290000000000000e+05,9.281780000000000000e+05
1.395660000000000000e+05,7.941250000000000000e+05,2.714326600000000000e+07,3.296680000000000000e+05,6.412080000000000000e+05,9.735030000000000000e+05,4.180500000000000000e+04,2.623970000000000000e+05,3.635052000000000000e+06,5.045500000000000000e+04,1.025814000000000000e+07,5.484470000000000000e+05,5.163600000000000000e+04,1.501940000000000000e+06,3.161670000000000000e+05,2.864020000000000000e+05,1.290000000000000000e+03,2.376800000000000000e+04,2.076420000000000000e+05,3.037345000000000000e+06
1.235940000000000000e+05,2.360440000000000000e+05,3.594610000000000000e+05,2.775040000000000000e+05,1.265700000000000000e+05,4.095700000000000000e+04,2.000000000000000000e+00,2.850000000000000000e+03,1.061950000000000000e+05,1.990600000000000000e+04,8.331500000000000000e+04,2.193200000000000000e+04,1.158000000000000000e+03,1.604700000000000000e+05,3.251000000000000000e+03,4.298000000000000000e+03,0.000000000000000000e+00,7.740000000000000000e+02,2.516100000000000000e+04,8.785100000000000000e+04
1.168140000000000000e+05,2.009820000000000000e+05,4.835200000000000000e+05,2.459900000000000000e+04,2.640180000000000000e+05,6.987000000000000000e+04,0.000000000000000000e+00,6.221000000000000000e+03,1.293620000000000000e+05,1.740500000000000000e+04,1.802500000000000000e+05,8.510000000000000000e+04,1.924000000000000000e+03,1.746520000000000000e+05,1.570700000000000000e+04,3.877000000000000000e+03,0.000000000000000000e+00,1.076000000000000000e+03,3.343800000000000000e+04,7.344800000000000000e+04
1.392300000000000000e+05,2.175090000000000000e+05,8.667720000000000000e+05,2.209800000000000000e+04,1.172240000000000000e+05,5.085550000000000000e+05,6.573000000000000000e+03,2.950900000000000000e+04,2.897420000000000000e+05,1.834000000000000000e+04,6.475520000000000000e+05,7.320900000000000000e+04,6.450000000000000000e+03,2.046800000000000000e+05,2.004200000000000000e+04,2.562500000000000000e+04,0.000000000000000000e+00,3.873000000000000000e+03,3.280900000000000000e+04,1.625290000000000000e+05
7.850000000000000000e+02,5.020000000000000000e+02,1.449110000000000000e+05,1.648000000000000000e+03,3.649000000000000000e+03,2.221800000000000000e+04,2.361500000000000000e+04,7.059000000000000000e+03,6.917400000000000000e+04,1.370000000000000000e+02,1.373890000000000000e+05,3.577000000000000000e+03,1.097000000000000000e+03,8.447000000000000000e+03,2.097000000000000000e+03,2.819000000000000000e+03,0.000000000000000000e+00,8.000000000000000000e+01,5.410000000000000000e+02,2.227800000000000000e+04
2.625400000000000000e+04,4.539200000000000000e+04,4.919580000000000000e+05,5.965000000000000000e+03,1.784400000000000000e+04,6.622800000000000000e+04,1.429000000000000000e+03,1.838860000000000000e+05,1.246610000000000000e+05,6.285000000000000000e+03,2.940100000000000000e+05,4.203900000000000000e+04,1.372000000000000000e+03,4.260400000000000000e+04,3.864000000000000000e+03,1.731200000000000000e+04,0.000000000000000000e+00,1.620000000000000000e+02,6.902000000000000000e+03,1.462760000000000000e+05
5.592760000000000000e+05,5.266240000000000000e+05,8.008972000000000000e+06,2.152150000000000000e+05,3.360730000000000000e+05,7.338690000000000000e+05,3.162900000000000000e+04,1.578630000000000000e+05,1.179498700000000000e+07,1.951420000000000000e+05,1.301637200000000000e+07,2.318050000000000000e+05,3.665000000000000000e+04,1.005659000000000000e+06,1.204190000000000000e+05,2.302800000000000000e+05,0.000000000000000000e+00,1.424000000000000000e+04,8.259900000000000000e+04,2.403262000000000000e+06
4.673140000000000000e+05,3.196570000000000000e+05,9.945000000000000000e+04,1.572300000000000000e+04,4.790200000000000000e+04,4.600000000000000000e+04,1.100000000000000000e+01,2.274000000000000000e+03,1.546250000000000000e+05,2.489470000000000000e+05,6.932000000000000000e+04,1.195700000000000000e+04,1.529000000000000000e+03,2.049670000000000000e+05,1.362300000000000000e+04,5.992000000000000000e+03,0.000000000000000000e+00,9.260000000000000000e+02,2.006500000000000000e+04,1.778700000000000000e+05
3.933500000000000000e+04,3.072000000000000000e+03,8.578910000000000000e+05,3.956000000000000000e+03,1.073000000000000000e+04,6.662100000000000000e+04,6.827000000000000000e+03,2.136300000000000000e+04,6.720640000000000000e+05,2.000000000000000000e+00,5.379654000000000000e+06,6.273000000000000000e+03,2.740000000000000000e+02,4.938000000000000000e+03,1.318100000000000000e+04,1.157800000000000000e+04,0.000000000000000000e+00,0.000000000000000000e+00,2.400000000000000000e+01,5.780770000000000000e+05
1.218790000000000000e+05,1.915100000000000000e+05,5.163420000000000000e+05,1.000400000000000000e+04,7.588300000000000000e+04,5.498000000000000000e+04,1.500000000000000000e+01,1.615800000000000000e+04,1.081420000000000000e+05,9.018000000000000000e+03,1.564960000000000000e+05,1.319247000000000000e+06,2.234000000000000000e+04,1.924030000000000000e+05,1.466900000000000000e+04,1.305000000000000000e+04,0.000000000000000000e+00,6.061000000000000000e+03,8.506200000000000000e+04,6.632700000000000000e+04
1.579100000000000000e+04,2.256700000000000000e+04,8.207900000000000000e+04,1.013000000000000000e+03,9.646000000000000000e+03,9.591000000000000000e+03,0.000000000000000000e+00,1.027000000000000000e+03,3.423700000000000000e+04,1.204000000000000000e+03,4.280500000000000000e+04,6.152700000000000000e+04,7.752300000000000000e+04,5.623500000000000000e+04,2.469000000000000000e+03,4.952000000000000000e+03,0.000000000000000000e+00,3.930000000000000000e+03,6.193500000000000000e+04,5.461000000000000000e+03
1.312811000000000000e+06,1.188629000000000000e+06,1.770719000000000000e+06,5.285700000000000000e+04,2.595400000000000000e+05,2.466190000000000000e+05,7.300000000000000000e+02,2.632400000000000000e+04,5.350050000000000000e+05,1.535830000000000000e+05,7.341310000000000000e+05,2.438090000000000000e+05,3.991600000000000000e+04,7.365287000000000000e+06,2.356010000000000000e+05,1.029110000000000000e+05,0.000000000000000000e+00,2.858100000000000000e+04,1.432510000000000000e+05,5.028900000000000000e+05
1.377300000000000000e+04,2.569900000000000000e+04,1.026030000000000000e+05,8.080000000000000000e+02,3.455000000000000000e+03,1.959800000000000000e+04,0.000000000000000000e+00,7.760000000000000000e+02,1.728920000000000000e+05,3.836500000000000000e+04,1.008010000000000000e+05,2.540000000000000000e+03,4.360000000000000000e+02,5.378400000000000000e+04,8.033500000000000000e+04,3.493700000000000000e+04,0.000000000000000000e+00,4.000000000000000000e+00,2.062000000000000000e+03,3.751400000000000000e+04
2.199300000000000000e+04,2.283900000000000000e+04,2.086960000000000000e+05,3.340000000000000000e+02,2.897000000000000000e+03,1.817700000000000000e+04,8.660000000000000000e+02,3.383000000000000000e+03,7.213800000000000000e+04,1.663000000000000000e+03,1.414510000000000000e+05,6.152000000000000000e+03,5.968000000000000000e+03,7.415700000000000000e+04,4.976900000000000000e+04,2.233850000000000000e+05,0.000000000000000000e+00,4.400000000000000000e+01,6.945000000000000000e+03,3.012900000000000000e+04
3.900000000000000000e+01,3.078600000000000000e+04,1.335900000000000000e+05,3.540000000000000000e+02,1.256300000000000000e+04,3.971000000000000000e+03,0.000000000000000000e+00,2.380000000000000000e+02,4.747000000000000000e+03,5.198000000000000000e+03,1.484500000000000000e+04,2.264000000000000000e+03,0.000000000000000000e+00,1.497000000000000000e+04,1.400000000000000000e+02,2.386600000000000000e+04,0.000000000000000000e+00,0.000000000000000000e+00,6.020000000000000000e+02,9.784000000000000000e+03
5.146000000000000000e+03,3.397700000000000000e+04,2.375200000000000000e+04,5.500000000000000000e+02,1.307200000000000000e+04,6.406000000000000000e+03,0.000000000000000000e+00,7.000000000000000000e+02,4.892000000000000000e+03,0.000000000000000000e+00,8.220000000000000000e+03,8.700000000000000000e+03,4.165000000000000000e+03,4.372300000000000000e+04,2.890000000000000000e+02,1.200000000000000000e+01,0.000000000000000000e+00,1.100100000000000000e+04,1.116900000000000000e+04,6.656000000000000000e+03
1.202350000000000000e+05,2.626620000000000000e+05,2.855060000000000000e+05,8.213000000000000000e+03,5.216000000000000000e+04,3.599900000000000000e+04,1.200000000000000000e+01,2.473000000000000000e+03,5.759800000000000000e+04,9.431000000000000000e+03,5.997800000000000000e+04,8.898000000000000000e+04,1.961500000000000000e+04,1.412130000000000000e+05,6.201000000000000000e+03,6.568000000000000000e+03,0.000000000000000000e+00,1.143000000000000000e+04,4.143520000000000000e+05,4.444300000000000000e+04
5.131732000000000000e+06,2.807060000000000000e+06,2.626553000000000000e+06,8.635400000000000000e+04,3.133050000000000000e+05,7.110050000000000000e+05,2.228000000000000000e+04,1.061520000000000000e+05,8.012550000000000000e+05,3.204270000000000000e+05,1.829400000000000000e+06,2.700110000000000000e+05,3.198500000000000000e+04,1.027076000000000000e+06,7.067800000000000000e+04,1.294340000000000000e+05,8.100000000000000000e+01,1.516400000000000000e+04,1.207690000000000000e+05,1.644536100000000000e+07
