5.964651200000000000e+07,7.328781000000000000e+06,3.644190000000000000e+05,1.069030000000000000e+05,4.840080000000000000e+05,4.325600000000000000e+05,1.300000000000000000e+01,5.272100000000000000e+04,3.010030000000000000e+05,7.708610000000000000e+05,5.566810000000000000e+05,6.416500000000000000e+05,4.951300000000000000e+04,2.447948000000000000e+06,5.650000000000000000e+04,7.999200000000000000e+04,1.140000000000000000e+02,3.339700000000000000e+04,3.923320000000000000e+05,1.260234600000000000e+07
3.003687000000000000e+06,4.846173000000000000e+06,4.754740000000000000e+05,1.159200000000000000e+05,5.128330000000000000e+05,3.269840000000000000e+05,0.000000000000000000e+00,1.957300000000000000e+04,2.027690000000000000e+05,2.515680000000000000e+05,4.760500000000000000e+04,3.109020000000000000e+05,1.730800000000000000e+04,9.923690000000000000e+05,2.511600000000000000e+04,4.111100000000000000e+04,2.100000000000000000e+01,1.194200000000000000e+04,2.463680000000000000e+05,9.552320000000000000e+05
1.658020000000000000e+05,8.116040000000000000e+05,2.953102600000000000e+07,3.522020000000000000e+05,1.349649000000000000e+06,1.031011000000000000e+06,8.896200000000000000e+04,3.962780000000000000e+05,5.875024000000000000e+06,8.407000000000000000e+04,3.936515000000000000e+06,7.716450000000000000e+05,7.499000000000000000e+04,1.358435000000000000e+06,2.153190000000000000e+05,3.017430000000000000e+05,1.105600000000000000e+04,1.010300000000000000e+04,2.392950000000000000e+05,3.639093000000000000e+06
7.751000000000000000e+04,2.216680000000000000e+05,2.649690000000000000e+05,3.147250000000000000e+05,1.993660000000000000e+05,3.906600000000000000e+04,1.100000000000000000e+01,5.489000000000000000e+03,1.906210000000000000e+05,3.245300000000000000e+04,1.432500000000000000e+04,3.429200000000000000e+04,1.767000000000000000e+03,1.310200000000000000e+05,2.239000000000000000e+03,3.247000000000000000e+03,0.000000000000000000e+00,8.990000000000000000e+02,1.845800000000000000e+04,1.291680000000000000e+05
6.955400000000000000e+04,1.700170000000000000e+05,3.408770000000000000e+05,3.610600000000000000e+04,4.980110000000000000e+05,5.199900000000000000e+04,3.610000000000000000e+02,1.702300000000000000e+04,1.953190000000000000e+05,1.938300000000000000e+04,2.788000000000000000e+04,6.690700000000000000e+04,2.364000000000000000e+03,1.662970000000000000e+05,2.066500000000000000e+04,1.748600000000000000e+04,1.573000000000000000e+03,1.394000000000000000e+03,3.074900000000000000e+04,1.482980000000000000e+05
1.158240000000000000e+05,2.026960000000000000e+05,7.815410000000000000e+05,1.876800000000000000e+04,2.059050000000000000e+05,6.675130000000000000e+05,1.189400000000000000e+04,4.612300000000000000e+04,5.542360000000000000e+05,5.326900000000000000e+04,1.859340000000000000e+05,1.037790000000000000e+05,1.065700000000000000e+04,1.687360000000000000e+05,1.415700000000000000e+04,3.072100000000000000e+04,0.000000000000000000e+00,3.123000000000000000e+03,5.129900000000000000e+04,1.661460000000000000e+05
8.600000000000000000e+01,4.330000000000000000e+02,1.341440000000000000e+05,5.390000000000000000e+02,2.207700000000000000e+04,2.602900000000000000e+04,4.758300000000000000e+04,8.480000000000000000e+03,1.221980000000000000e+05,1.586000000000000000e+03,4.165800000000000000e+04,5.243000000000000000e+03,1.804000000000000000e+03,6.131000000000000000e+03,2.155000000000000000e+03,4.052000000000000000e+03,0.000000000000000000e+00,1.100000000000000000e+01,7.160000000000000000e+02,2.709800000000000000e+04
2.111600000000000000e+04,2.224400000000000000e+04,4.848840000000000000e+05,7.608000000000000000e+03,5.073500000000000000e+04,5.750500000000000000e+04,3.644000000000000000e+03,2.770290000000000000e+05,2.649300000000000000e+05,5.190000000000000000e+03,8.365400000000000000e+04,3.867500000000000000e+04,2.735000000000000000e+03,3.886800000000000000e+04,1.146900000000000000e+04,1.332800000000000000e+04,3.060000000000000000e+02,3.240000000000000000e+02,7.789000000000000000e+03,1.324100000000000000e+05
3.709440000000000000e+05,5.163660000000000000e+05,7.384502000000000000e+06,3.127600000000000000e+05,9.825680000000000000e+05,8.358010000000000000e+05,6.372600000000000000e+04,2.760430000000000000e+05,1.988169100000000000e+07,3.932820000000000000e+05,3.749943000000000000e+06,3.656110000000000000e+05,5.117200000000000000e+04,9.718210000000000000e+05,1.040070000000000000e+05,1.971710000000000000e+05,1.040000000000000000e+03,3.923000000000000000e+03,7.911700000000000000e+04,3.159448000000000000e+06
4.037650000000000000e+05,2.719780000000000000e+05,7.495400000000000000e+04,2.483600000000000000e+04,8.332400000000000000e+04,4.269200000000000000e+04,0.000000000000000000e+00,1.401000000000000000e+03,1.531820000000000000e+05,4.321090000000000000e+05,1.172900000000000000e+04,1.614100000000000000e+04,1.323000000000000000e+03,1.088450000000000000e+05,1.747000000000000000e+03,1.326300000000000000e+04,0.000000000000000000e+00,1.100000000000000000e+01,3.615300000000000000e+04,2.306990000000000000e+05
1.467000000000000000e+03,0.000000000000000000e+00,9.457380000000000000e+05,4.074000000000000000e+03,7.214000000000000000e+03,1.034590000000000000e+05,1.610200000000000000e+04,4.407600000000000000e+04,1.236564000000000000e+06,6.700000000000000000e+01,4.713798000000000000e+06,3.154000000000000000e+03,2.866000000000000000e+03,1.529700000000000000e+04,3.847000000000000000e+03,1.422100000000000000e+04,3.480000000000000000e+02,0.000000000000000000e+00,0.000000000000000000e+00,5.635680000000000000e+05
1.536290000000000000e+05,2.662660000000000000e+05,4.324200000000000000e+05,1.098500000000000000e+04,1.397600000000000000e+05,5.721700000000000000e+04,5.210000000000000000e+02,7.665000000000000000e+03,1.280340000000000000e+05,1.576600000000000000e+04,1.655900000000000000e+04,1.364097000000000000e+06,3.276900000000000000e+04,1.634820000000000000e+05,5.393000000000000000e+03,1.141800000000000000e+04,0.000000000000000000e+00,6.352000000000000000e+03,9.468000000000000000e+04,7.257300000000000000e+04
1.852700000000000000e+04,1.935900000000000000e+04,8.659100000000000000e+04,6.380000000000000000e+02,1.559300000000000000e+04,1.040300000000000000e+04,5.000000000000000000e+00,2.069000000000000000e+03,3.324000000000000000e+04,5.741000000000000000e+03,6.116000000000000000e+03,6.785700000000000000e+04,1.025580000000000000e+05,5.139400000000000000e+04,4.280000000000000000e+02,3.177000000000000000e+03,0.000000000000000000e+00,5.108000000000000000e+03,5.652400000000000000e+04,8.664000000000000000e+03
1.363133000000000000e+06,1.082020000000000000e+06,1.448048000000000000e+06,9.318700000000000000e+04,4.746110000000000000e+05,2.141670000000000000e+05,4.840000000000000000e+02,4.139900000000000000e+04,6.491090000000000000e+05,1.949330000000000000e+05,7.047100000000000000e+04,3.317650000000000000e+05,5.490000000000000000e+04,7.656781000000000000e+06,1.760900000000000000e+05,1.710040000000000000e+05,8.100000000000000000e+02,6.066300000000000000e+04,2.225830000000000000e+05,6.370360000000000000e+05
1.443800000000000000e+04,9.822000000000000000e+03,7.235500000000000000e+04,1.380200000000000000e+04,9.543000000000000000e+03,5.850000000000000000e+03,3.210000000000000000e+02,1.621000000000000000e+03,6.735400000000000000e+04,1.437000000000000000e+03,3.706600000000000000e+04,2.935000000000000000e+03,3.840000000000000000e+02,9.719400000000000000e+04,2.703620000000000000e+05,5.440900000000000000e+04,0.000000000000000000e+00,6.500000000000000000e+01,1.220000000000000000e+03,3.020400000000000000e+04
2.497700000000000000e+04,3.221700000000000000e+04,1.589820000000000000e+05,7.163000000000000000e+03,2.160800000000000000e+04,1.789000000000000000e+04,1.315000000000000000e+03,7.407000000000000000e+03,1.012160000000000000e+05,6.940000000000000000e+02,3.125000000000000000e+03,1.164600000000000000e+04,5.265000000000000000e+03,4.619900000000000000e+04,2.001500000000000000e+04,4.005720000000000000e+05,8.400000000000000000e+01,0.000000000000000000e+00,5.382000000000000000e+03,2.522900000000000000e+04
3.646000000000000000e+03,9.886000000000000000e+03,5.592500000000000000e+04,5.700000000000000000e+01,2.265200000000000000e+04,6.385000000000000000e+03,1.910000000000000000e+02,1.760000000000000000e+03,1.922500000000000000e+04,2.411000000000000000e+03,5.080000000000000000e+03,4.539000000000000000e+03,0.000000000000000000e+00,9.459000000000000000e+03,3.172000000000000000e+03,1.006900000000000000e+05,9.315000000000000000e+03,0.000000000000000000e+00,1.930000000000000000e+02,3.371000000000000000e+03
1.392600000000000000e+04,1.397000000000000000e+04,1.817100000000000000e+04,4.000000000000000000e+00,7.664000000000000000e+03,6.725000000000000000e+03,5.200000000000000000e+02,1.366000000000000000e+03,5.863000000000000000e+03,3.540000000000000000e+02,0.000000000000000000e+00,9.869000000000000000e+03,6.785000000000000000e+03,3.232800000000000000e+04,1.347900000000000000e+04,7.780000000000000000e+02,1.250000000000000000e+02,2.004700000000000000e+04,2.254000000000000000e+04,7.916000000000000000e+03
1.574600000000000000e+05,2.117020000000000000e+05,1.836950000000000000e+05,8.449000000000000000e+03,6.481000000000000000e+04,3.172700000000000000e+04,1.050000000000000000e+02,3.965000000000000000e+03,4.031700000000000000e+04,2.334400000000000000e+04,5.628000000000000000e+03,9.654800000000000000e+04,3.693500000000000000e+04,1.314170000000000000e+05,1.676000000000000000e+03,4.080000000000000000e+03,0.000000000000000000e+00,1.309900000000000000e+04,5.639940000000000000e+05,4.811800000000000000e+04
4.994033000000000000e+06,2.895287000000000000e+06,2.447584000000000000e+06,1.187130000000000000e+05,4.180390000000000000e+05,7.296000000000000000e+05,3.864300000000000000e+04,1.304440000000000000e+05,1.312006000000000000e+06,3.082360000000000000e+05,8.151010000000000000e+05,3.990120000000000000e+05,3.042300000000000000e+04,9.489990000000000000e+05,5.746200000000000000e+04,9.850400000000000000e+04,1.100000000000000000e+03,1.816000000000000000e+04,1.515310000000000000e+05,1.695320500000000000e+07
