7.545532500000000000e+07,2.880288000000000000e+06,9.896200000000000000e+04,1.622500000000000000e+04,3.378900000000000000e+04,4.872200000000000000e+04,5.600000000000000000e+02,2.404700000000000000e+04,4.595600000000000000e+04,1.481560000000000000e+05,2.138650000000000000e+05,1.896720000000000000e+05,1.333700000000000000e+04,7.672090000000000000e+05,1.709700000000000000e+04,3.184200000000000000e+04,4.980000000000000000e+02,6.270000000000000000e+03,6.807600000000000000e+04,6.288358000000000000e+06
4.782620000000000000e+05,1.006222000000000000e+07,6.864300000000000000e+04,4.672500000000000000e+04,1.761920000000000000e+05,2.194240000000000000e+05,5.000000000000000000e+01,4.846000000000000000e+03,2.565300000000000000e+04,1.737420000000000000e+05,1.137000000000000000e+04,1.301910000000000000e+05,7.768000000000000000e+03,8.875700000000000000e+04,3.735000000000000000e+03,8.873000000000000000e+03,8.000000000000000000e+01,1.866000000000000000e+03,9.341600000000000000e+04,8.011420000000000000e+05
2.425200000000000000e+04,2.014850000000000000e+05,4.370399500000000000e+07,3.559590000000000000e+05,6.487020000000000000e+05,1.289157000000000000e+06,1.238970000000000000e+05,3.481860000000000000e+05,1.419586000000000000e+06,1.678100000000000000e+04,5.031410000000000000e+05,4.027970000000000000e+05,3.531300000000000000e+04,2.003750000000000000e+05,8.613300000000000000e+04,8.910600000000000000e+04,7.347000000000000000e+03,1.521000000000000000e+03,1.282170000000000000e+05,6.578720000000000000e+05
5.576000000000000000e+03,7.960600000000000000e+04,1.304570000000000000e+05,9.183390000000000000e+05,2.614510000000000000e+05,4.222500000000000000e+04,1.600000000000000000e+01,3.964000000000000000e+03,3.816500000000000000e+04,1.316700000000000000e+04,6.100000000000000000e+02,2.347100000000000000e+04,1.779000000000000000e+03,1.648900000000000000e+04,1.054000000000000000e+03,3.747000000000000000e+03,1.340000000000000000e+02,1.600000000000000000e+01,1.127300000000000000e+04,1.297540000000000000e+05
2.010000000000000000e+03,2.278100000000000000e+04,2.474910000000000000e+05,8.706000000000000000e+04,1.128088000000000000e+06,6.636600000000000000e+04,7.360000000000000000e+02,3.546700000000000000e+04,4.893500000000000000e+04,9.288000000000000000e+03,1.660000000000000000e+02,4.414800000000000000e+04,1.001000000000000000e+03,1.569500000000000000e+04,9.867000000000000000e+03,1.851800000000000000e+04,3.805000000000000000e+03,6.100000000000000000e+01,2.603400000000000000e+04,1.147460000000000000e+05
5.300000000000000000e+02,3.844100000000000000e+04,4.031430000000000000e+05,1.034500000000000000e+04,1.172860000000000000e+05,2.258017000000000000e+06,3.212900000000000000e+04,5.031700000000000000e+04,2.271020000000000000e+05,1.929100000000000000e+04,1.905400000000000000e+04,7.755100000000000000e+04,4.310000000000000000e+03,2.794200000000000000e+04,1.964000000000000000e+03,7.277000000000000000e+03,1.810000000000000000e+02,3.360000000000000000e+02,4.662400000000000000e+04,5.048100000000000000e+04
0.000000000000000000e+00,0.000000000000000000e+00,5.408500000000000000e+04,0.000000000000000000e+00,4.780000000000000000e+02,3.216800000000000000e+04,2.821050000000000000e+05,1.317700000000000000e+04,6.088900000000000000e+04,0.000000000000000000e+00,3.748000000000000000e+03,2.408000000000000000e+03,2.880000000000000000e+02,5.510000000000000000e+02,1.590000000000000000e+02,5.600000000000000000e+02,0.000000000000000000e+00,0.000000000000000000e+00,0.000000000000000000e+00,1.407000000000000000e+03
9.290000000000000000e+02,1.884000000000000000e+03,1.515900000000000000e+05,1.995000000000000000e+03,1.260300000000000000e+04,5.397200000000000000e+04,1.171100000000000000e+04,1.117399000000000000e+06,6.163100000000000000e+04,1.730000000000000000e+03,3.007000000000000000e+03,3.403800000000000000e+04,1.748000000000000000e+03,6.727000000000000000e+03,1.605000000000000000e+03,6.279000000000000000e+03,4.530000000000000000e+02,1.020000000000000000e+02,3.368000000000000000e+03,5.167200000000000000e+04
1.082700000000000000e+04,6.555000000000000000e+04,1.071130000000000000e+06,1.688450000000000000e+05,4.228720000000000000e+05,7.095560000000000000e+05,9.812700000000000000e+04,1.463430000000000000e+05,3.526583800000000000e+07,6.671590000000000000e+05,2.475420000000000000e+05,1.343230000000000000e+05,2.516100000000000000e+04,1.272440000000000000e+05,1.444600000000000000e+04,5.040400000000000000e+04,7.290000000000000000e+02,1.923000000000000000e+03,6.688400000000000000e+04,4.060330000000000000e+05
2.388100000000000000e+04,2.486460000000000000e+05,1.156100000000000000e+04,1.028300000000000000e+04,6.190100000000000000e+04,3.110700000000000000e+04,2.000000000000000000e+00,1.908000000000000000e+03,1.028090000000000000e+05,1.159731000000000000e+06,1.190000000000000000e+02,4.871000000000000000e+03,1.447000000000000000e+03,3.872200000000000000e+04,3.250000000000000000e+02,3.673000000000000000e+03,1.500000000000000000e+01,1.140000000000000000e+02,1.654800000000000000e+04,1.904890000000000000e+05
2.419000000000000000e+03,5.690000000000000000e+03,9.363830000000000000e+05,4.000000000000000000e+00,5.828000000000000000e+03,4.869600000000000000e+04,8.005000000000000000e+03,1.002000000000000000e+04,9.154300000000000000e+04,7.000000000000000000e+00,6.293033000000000000e+06,1.320000000000000000e+02,1.800000000000000000e+01,1.750000000000000000e+02,9.650000000000000000e+02,7.300000000000000000e+02,2.700000000000000000e+01,0.000000000000000000e+00,0.000000000000000000e+00,2.721850000000000000e+05
4.115000000000000000e+03,1.653200000000000000e+04,8.680200000000000000e+04,4.791000000000000000e+03,2.425800000000000000e+04,5.009100000000000000e+04,7.070000000000000000e+02,1.080200000000000000e+04,2.147400000000000000e+04,1.798000000000000000e+03,3.830000000000000000e+02,2.589972000000000000e+06,4.739300000000000000e+04,2.764800000000000000e+04,3.219000000000000000e+03,3.767000000000000000e+03,3.000000000000000000e+01,3.335000000000000000e+03,6.396500000000000000e+04,1.850400000000000000e+04
2.570000000000000000e+02,3.920000000000000000e+02,6.406000000000000000e+03,1.000000000000000000e+02,1.441000000000000000e+03,3.995000000000000000e+03,7.200000000000000000e+01,2.686000000000000000e+03,5.674000000000000000e+03,1.220000000000000000e+02,1.340000000000000000e+02,1.149380000000000000e+05,2.936590000000000000e+05,6.656000000000000000e+03,8.300000000000000000e+01,3.700000000000000000e+02,0.000000000000000000e+00,3.616000000000000000e+03,5.259200000000000000e+04,7.990000000000000000e+02
4.702100000000000000e+04,2.672500000000000000e+04,1.805530000000000000e+05,1.784900000000000000e+04,6.364900000000000000e+04,7.173000000000000000e+04,1.750000000000000000e+02,1.532300000000000000e+04,6.906200000000000000e+04,1.551700000000000000e+04,3.020000000000000000e+02,1.685590000000000000e+05,1.977800000000000000e+04,1.365982300000000000e+07,1.925830000000000000e+05,1.762040000000000000e+05,7.084000000000000000e+03,3.723800000000000000e+04,7.030600000000000000e+04,1.037130000000000000e+05
9.920000000000000000e+02,4.380000000000000000e+02,2.207500000000000000e+04,5.594000000000000000e+03,9.540000000000000000e+02,2.660000000000000000e+03,2.510000000000000000e+02,1.404000000000000000e+03,6.924000000000000000e+03,3.370000000000000000e+02,4.204000000000000000e+03,3.678000000000000000e+03,1.509000000000000000e+03,3.722400000000000000e+04,4.959590000000000000e+05,9.333800000000000000e+04,1.930000000000000000e+02,1.380000000000000000e+02,3.880000000000000000e+02,1.212200000000000000e+04
1.149000000000000000e+03,4.410000000000000000e+02,2.859500000000000000e+04,1.359000000000000000e+03,9.155000000000000000e+03,6.511000000000000000e+03,5.020000000000000000e+02,4.111000000000000000e+03,9.429000000000000000e+03,3.040000000000000000e+02,0.000000000000000000e+00,4.666000000000000000e+03,1.934000000000000000e+03,1.079600000000000000e+04,2.681200000000000000e+04,7.821500000000000000e+05,2.290000000000000000e+02,0.000000000000000000e+00,4.370000000000000000e+02,2.406000000000000000e+03
2.000000000000000000e+00,2.730000000000000000e+02,4.610600000000000000e+04,3.740000000000000000e+02,4.633000000000000000e+03,6.918000000000000000e+03,4.310000000000000000e+02,1.539000000000000000e+03,6.464000000000000000e+03,1.372000000000000000e+03,3.252000000000000000e+03,1.417000000000000000e+03,0.000000000000000000e+00,1.358000000000000000e+03,1.150000000000000000e+03,1.319140000000000000e+05,4.852700000000000000e+04,0.000000000000000000e+00,5.000000000000000000e+00,2.222000000000000000e+03
7.700000000000000000e+01,1.480000000000000000e+03,4.435000000000000000e+03,7.300000000000000000e+01,3.741000000000000000e+03,2.880000000000000000e+03,0.000000000000000000e+00,9.190000000000000000e+02,7.700000000000000000e+02,1.300000000000000000e+01,0.000000000000000000e+00,3.260000000000000000e+04,1.468300000000000000e+04,1.357600000000000000e+04,2.576000000000000000e+03,5.360000000000000000e+02,2.100000000000000000e+02,5.990700000000000000e+04,3.847900000000000000e+04,5.475000000000000000e+03
5.470000000000000000e+02,1.415100000000000000e+04,2.790800000000000000e+04,5.670000000000000000e+03,2.868700000000000000e+04,2.135100000000000000e+04,0.000000000000000000e+00,1.239000000000000000e+03,1.655700000000000000e+04,9.105000000000000000e+03,0.000000000000000000e+00,7.778600000000000000e+04,5.030100000000000000e+04,1.943200000000000000e+04,4.550000000000000000e+02,4.420000000000000000e+02,2.000000000000000000e+00,8.205000000000000000e+03,1.329506000000000000e+06,1.572500000000000000e+04
2.476272000000000000e+06,2.691665000000000000e+06,2.357017000000000000e+06,2.279910000000000000e+05,6.151180000000000000e+05,6.195070000000000000e+05,2.147590000000000000e+05,3.811940000000000000e+05,8.898380000000000000e+05,3.414010000000000000e+05,3.295810000000000000e+05,3.098950000000000000e+05,2.364200000000000000e+04,3.871460000000000000e+05,6.415300000000000000e+04,1.206860000000000000e+05,5.271000000000000000e+03,1.525900000000000000e+04,2.167680000000000000e+05,2.057891900000000000e+07
