Confusion matrix, unperturbed data:

[[75455325  2880288    98962    16225    33789    48722      560    24047    45956   148156   213865   189672    13337   767209    17097    31842   498     6270    68076  6288358]
 
 [  478262 10062220    68643    46725   176192   219424       50     4846   25653   173742    11370   130191     7768    88757     3735     8873    80     1866    93416   801142]
 
 [   24252   201485 43703995   355959   648702  1289157   123897   348186   1419586    16781   503141   402797    35313   200375    86133    89106  7347     1521   128217   657872]
 
 [    5576    79606   130457   918339   261451    42225       16     3964   38165    13167      610    23471     1779    16489     1054     3747    134       16    11273   129754]
 
 [    2010    22781   247491    87060  1128088    66366      736    35467   48935     9288      166    44148     1001    15695     9867    18518    3805       61    26034   114746]
 
 [     530    38441   403143    10345   117286  2258017    32129    50317   227102    19291    19054    77551     4310    27942     1964     7277   181      336    46624    50481]
 
 [       0        0    54085        0      478    32168   282105    13177   60889        0     3748     2408      288      551      159      560    0        0        0     1407]
 
 [     929     1884   151590     1995    12603    53972    11711  1117399   61631     1730     3007    34038     1748     6727     1605     6279    453      102     3368    51672]
 
 [   10827    65550  1071130   168845   422872   709556    98127   146343   35265838   667159   247542   134323    25161   127244    14446    50404 729     1923    66884   406033]
 
 [   23881   248646    11561    10283    61901    31107        2     1908   102809  1159731      119     4871     1447    38722      325     3673   15      114    16548   190489]
 
 [    2419     5690   936383        4     5828    48696     8005    10020   91543        7  6293033      132       18      175      965      730   27        0        0   272185]
 
 [    4115    16532    86802     4791    24258    50091      707    10802   21474     1798      383  2589972    47393    27648     3219     3767   30     3335    63965    18504]
 
 [     257      392     6406      100     1441     3995       72     2686   5674      122      134   114938   293659     6656       83      370   0     3616    52592      799]
 
 [   47021    26725   180553    17849    63649    71730      175    15323   69062    15517      302   168559    19778 13659823   192583   176204   7084    37238    70306   103713]
 
 [     992      438    22075     5594      954     2660      251     1404   6924      337     4204     3678     1509    37224   495959    93338   193      138      388    12122]
 
 [    1149      441    28595     1359     9155     6511      502     4111   9429      304        0     4666     1934    10796    26812   782150   229        0      437     2406]
 
 [       2      273    46106      374     4633     6918      431     1539   6464     1372     3252     1417        0     1358     1150   131914   48527        0        5     2222]
 
 [      77     1480     4435       73     3741     2880        0      919   770       13        0    32600    14683    13576     2576      536   210    59907    38479     5475]
 
 [     547    14151    27908     5670    28687    21351        0     1239   16557     9105        0    77786    50301    19432      455      442   2     8205  1329506    15725]
 
 [ 2476272  2691665  2357017   227991   615118   619507   214759   381194   889838   341401   329581   309895    23642   387146    64153   120686   5271    15259   216768 20578919]]


 Confusion matrix, foggy data

[[75555097  2830801   115101    11334    39237    43500      415    25051   47245   105380   211316   184624    13242  1050260    17706    32628   31    17105    69404  5978777]
 
 [  487629  9983585   143891    50104   186537   208815       31     6583   24372   129221    11794   124315     8004   118302     3908    10438   0    11913    95899   797614]
 
 [   35241   202118 43973463   295713   562886   977067    53126   241677   981669     9413  1530763   345517    34954   219452    85665    72617   600     2824   109591   509466]
 
 [   12201    84506   199449   818421   275111    37493        2     3262   25273     9072     4609    21609     2136    25270      133     6960   0       35    10437   145314]
 
 [    3236    23469   333102    74413  1062592    58585      481    35038   46764    10136     2292    40713     1349    19810    12144    13412   171      550    29627   114379]
 
 [    1058    39311   584461     9846   115481  2083420    19545    45583   196749    17817    57888    66059     4163    33499     4674     6793   0     1268    46245    58461]
 
 [       0        0    86421       95     2945    40059   216423    18519   68136        4     8937     3309      205      775      411     2243   0        0      205     3336]
 
 [     821     1753   217205     1598    13924    50194     4410  1062227   59085     1798     6634    28688     1816     9271     2157     6465    33        0     3502    52862]
 
 [   13133    79987  3484846   236835   434275   669965    37007   114691   32091051   618643   802170   148642    38930   189160    22010    57720   97     7406    75142   579226]
 
 [   31959   255431    26772    13088    53292    28511        2     1343   98522  1131074      996     4351     1624    48513      694     1688   0      128    17551   192613]
 
 [    7201       37   343022       10     5604    31365     4730     8219   71703        0  7154014      238       22      251      274      237   0        0        7    48926]
 
 [    5224    16655   154373     2795    32906    47543      207     8689   23287      952     4929  2501175    48650    30603     3076     2890   0     7986    67880    19766]
 
 [     295      377     9286       92     1790     4244       12     1227   5919       76      835   111751   282681     8736       21      194   0     5546    59578     1332]
 
 [   43769    31041   294224    14784    72056    60507      112    16262   59523    13145     7296   128080    21441 13630649   139033   158309   744    39385    71402   141432]
 
 [    1015      794    33512     2596      880     2216       96      950   6359      460     9468     2560     2199    58233   427820   121478   0        0      360    19386]
 
 [    1449     1533    40550     2598     5349     5602      122     3703   7524      302      947     3351     2575    29046    37437   735466   73        0      521    12838]
 
 [      22      809    73670       85     7732     5789       84      877   4387     1052     4026     1162        0     1915     2138   139671   8454        0       19     6065]
 
 [     140     1320     6760      136     3971     2455        0     1609   752        4        0    30652    10856    15425     1829      509   5    60126    39345     6536]
 
 [    1016    14612    49449     4856    37915    20774        0     1334   12491     6820       77    78867    45366    23593      320      784   0    14573  1295671    18551]
 
 [ 2525754  2655457  2792314   195476   581288   541051   114239   327593   787977   344529   636453   267729    23607   434477    56963    98240   176    21202   207556 20254001]]